Rufus,priest:4255,17366,22616,31889,49634,58847,78112,86631,94924,106955,125372,130725
Ione Wolfe,warrior:2827,20584,24196,31014,42786,51947,56340,66809,77376,92800,100107,110121
Hillary Curl,hunter:9139,23198,23198,30878,48804,66915,72755,81466,90198,110023,125034,143881
Juli Barnhill,rogue:8021,24439,32877,41020,51543,62857,67854,67854,79480,85470,101411,117135
Tashia Bowen,mage:9788,28173,35005,50231,64529,67462,74808,93845,93845,102517,102517,102517
Marguerita Mciver,hunter:7219,26691,35209,41363,58614,66777,73837,73837,73837,90521,90521,103345
Sharie Schall,hunter:5113,22957,39493,42282,61827,81665,91657,102451,105896,114475,118806,138348
Paris Curington,hunter:6885,12265,19149,34487,37696,48815,63860,78423,88557,100060,115978,130595
Ashely Faye,rogue:5320,14323,31643,50099,60679,76589,95675,100761,119726,123569,135706,140527
Elvia Dubreythankfulautomatic,hunter:8268,21518,39274,56694,72584,72584,89397,104884,113501,128096,143680,161915
inspectport,priest:5449,14110,14110,29037,39467,42163,42163,53487,66250,69947,74014,92922
equinoxdigg,hunter:7288,17240,23293,39715,53964,59696,73568,89889,102424,107083,115043,120474
inertsartorial,priest:8672,19530,22565,32471,37031,49551,53904,59662,64758,81166,84160,98653
fellradial,warrior:8560,15981,34864,54509,60920,64107,72932,85281,96394,100635,120135,123826
rhyolitethroat,hunter:2707,9924,22916,30545,46840,62648,68933,78912,88973,101412,104256,110253
recyclejoast,warrior:7696,15601,23742,40267,45867,53803,57286,74332,90076,95071,106362,114159
chubbysourdough,hunter:6637,24390,32596,52052,63382,73236,78310,84628,84628,92203,99497,118482
palmears,warrior:8739,14848,25214,44515,56283,56283,72899,84603,101978,113243,133166,150844
shotgunpeacock,warrior:5588,12282,16466,20584,38594,52424,65736,77806,88889,96187,104045,104045
basteglean,mage:6973,10257,26344,33112,46312,46312,52749,61420,61420,67040,70334,83934
gulpraisin,priest:8779,12419,26387,38163,51997,70939,78281,95220,95220,95220,95220,97774
meetingbirst,mage:7565,20184,38575,54698,65952,70132,87401,92530,97808,103070,114389,128631
networktarragon,warrior:5899,10056,26792,30105,47752,58983,70070,89215,96388,102768,115013,119629
promptmones,mage:5413,9494,19467,22669,29870,40248,46517,65946,69100,74667,79538,93630
physicistimported,rogue:6257,9091,26804,32792,39900,54196,71565,77421,83834,103453,111695,114988
baffinglass,mage:3806,3806,17556,36523,51874,64732,71774,83282,97459,105648,114051,117857
hydroxidewegs,priest:7269,17502,28207,40937,43826,53241,73190,88181,101651,116460,119008,127991
loadfaded,mage:2667,16588,27777,44352,61072,70824,74691,84557,100232,104398,109254,129079
integersolder,rogue:7831,7831,26915,30013,30013,44094,60024,69485,72104,76975,91530,110351
worstedwoman,warrior:8269,24566,28300,35557,38540,49903,65865,76004,79427,86044,93013,102817
brillogrowth,hunter:5524,10719,26581,30802,44905,62628,82534,95880,95880,112678,116487,128957
chapteridentical,warrior:8228,18609,24969,44487,56128,56128,72767,82959,93862,111427,122057,132879
tykegeodesic,warrior:4236,18814,27373,41629,44508,57861,62990,77016,86135,93709,107668,114755
learningsmace,hunter:2569,15350,31414,36674,39214,57501,73361,93004,109283,118342,118342,136629
salamicustomers,hunter:5122,11353,13949,27363,37637,51133,62906,71308,87096,102999,118477,124978
halreckless,warrior:3158,14789,23883,30614,39883,45025,45025,58511,64422,81005,86193,90507
carsour,hunter:3008,20965,29619,38680,43693,60543,75814,85169,105139,116111,123731,134078
rocksrheology,priest:4003,17776,29017,47187,60093,73796,90701,97285,112921,119137,126268,144714
vanadiumshuffle,priest:5464,24542,28805,39186,39186,55418,70419,75880,91568,107511,107511,126599
odiferousbasket,rogue:8689,8689,24089,40953,54493,54493,62389,73388,79853,87949,107819,120471
blazecarnot,warrior:8364,17356,28268,44727,64500,83220,98610,114670,114670,130766,133478,142904
sconesconceited,rogue:9650,12608,19339,22025,36670,48405,64684,67184,71320,90432,103411,119212
restraintroar,priest:6737,20655,32858,36411,54170,74164,93636,99304,112221,112221,115750,125562
plugbyfinger,mage:6859,22406,32419,47018,50806,62797,65458,69330,84300,95867,114857,127826
preventpedagogy,priest:4983,8725,18417,23417,31954,42071,44590,61807,71674,89571,99110,118861
puckcilly,mage:5231,17822,28072,31598,39735,52622,61363,75144,93062,112021,129432,140241
wossglutinous,mage:2969,2969,19189,37388,56759,59896,73889,90915,98202,111903,129282,144563
supplydatabase,rogue:8137,16698,25165,38698,58349,68904,78042,97530,102874,120831,130278,140922
pottycampsie,rogue:5827,19590,31567,34991,51735,60940,80139,91175,97384,110270,129738,144200
faradvicious,rogue:3687,10846,18184,31347,45945,62332,82039,96548,102445,109807,113480,129946
dealwoozy,priest:8516,26815,40793,52995,69987,82264,88055,95976,104929,123806,140630,160438
whinnyglands,hunter:6182,17069,19803,29929,35089,50919,67046,73072,77459,90503,103812,106876
salinitythine,warrior:8565,18045,37713,52582,55461,59504,65653,65653,85424,103206,114304,134085
ukdroplet,rogue:8323,19685,27073,45234,55184,69744,69744,80577,89873,94754,108102,115038
cedarshod,rogue:6682,20502,30206,36571,53282,69912,89148,100243,112773,118556,128517,143275
slowinterest,mage:7199,11420,11420,14111,33566,36821,45966,53867,53867,66196,74718,82466
dodgeballhashtag,warrior:8455,22100,22100,38290,43152,52882,58490,67294,75970,95101,99841,112159
beepingwings,mage:4547,22494,27087,29624,39444,43838,52709,66701,85740,104279,112666,131765
girlguidecustard,rogue:6699,19764,19764,29563,29563,38243,44226,49713,69256,69256,88235,98301
armeniansticker,mage:5338,14359,17313,31079,33948,52958,70578,86980,102471,120447,138248,153176
lohnsjuicy,mage:2508,2508,21527,37580,37580,45311,55732,67918,85301,98167,117604,122718
clotspitch,priest:9022,19863,34804,48555,51474,58651,64755,68919,82018,92900,99515,114046
notatedwatch,mage:6002,19716,31188,40676,52776,56129,62892,65502,79570,87914,94439,103561
otherwisecentaurs,rogue:6331,24977,30344,46311,51313,55819,55819,60218,78943,85202,101775,116943
twochina,warrior:6800,15881,28077,28077,43113,47557,64291,81425,97323,115831,124086,136437
numberlesszesty,mage:8753,23281,33455,46435,49580,56993,56993,69787,79669,86595,89877,95335
declinewole,hunter:8167,27004,33284,36282,42761,56336,62976,78663,90165,93641,97895,113445
anchorrooden,hunter:6780,6780,18453,35851,54653,61446,66940,78719,83430,100762,115130,135019
craftyof,priest:8067,13476,19006,19006,27962,40271,56200,62534,72917,83695,94558,108328
glintlemon,hunter:3330,14206,20156,34805,52957,72708,83308,87086,103959,117636,133685,137315
nonstophourglass,priest:6700,26198,26198,29017,43296,61077,66863,76020,78948,89087,103105,119997
whizzerunfolded,rogue:2808,6534,12629,22506,35799,39120,54694,69633,78567,98078,115492,115492
portalchamb,priest:3112,6152,21266,21266,24057,39237,46445,51396,59800,66628,79799,94028
apiclique,hunter:9016,14634,34467,42040,57442,57442,60831,66471,84291,102869,107990,116061
pickledfluorine,hunter:6952,11748,19406,36549,42707,47905,47905,56708,72992,82017,96089,96089
mourningwet,rogue:7969,20837,24656,35453,46273,46273,65823,71554,78409,85625,89238,101991
bleecerefer,priest:6640,17257,32341,39493,52971,63374,79375,83872,97358,101740,114744,129205
scullingroaring,hunter:2993,16193,35234,49478,63093,82749,98109,109374,128786,139106,155418,155418
putridmanx,mage:6221,18423,24589,35550,38254,47139,57062,61738,70603,82402,82402,95753
bookfreely,warrior:2635,7386,22823,28740,28740,35128,35128,47719,58799,77768,82004,87481
finaetools,priest:5850,15718,31745,42553,52782,59923,79334,99290,109856,109856,109856,120193
losseshopper,rogue:4644,18210,31239,50229,54572,70900,76249,95847,102381,110971,127389,144191
asstrawn,warrior:4479,11805,29549,32233,40902,58413,69146,78202,96078,107751,110905,114609
pieskull,priest:5513,8402,19705,26890,35448,47919,50558,53846,69102,79129,86627,86627
stallvanilla,mage:6267,12238,18923,24341,29230,45278,62159,74676,78485,85201,104537,117423
cliddlecalendar,mage:8212,12741,23962,27996,36254,51715,67173,76815,83629,83629,98243,103313
grinpike,hunter:9481,21579,28670,42262,58293,67720,79442,82688,97267,112901,121757,138694
cliquedripping,priest:4458,15491,29314,38332,42478,50506,68600,68600,85110,88380,95489,111691
creamminister,mage:3480,3480,19958,39077,45670,54152,63029,79383,94652,113826,117601,126819
gargantuanpumped,warrior:8242,19465,25452,33495,53405,66647,82188,91703,108672,108672,120114,132118
smallpoxsilver,priest:8431,23333,43136,48879,59943,65425,72427,92202,108625,126347,126347,139093
manpractical,warrior:6365,15808,21308,32274,38913,56791,67721,87628,95078,108564,128271,128271
deadpanpsycho,priest:9613,13399,21484,36937,42330,45939,53875,62285,80868,83556,98053,102058
hadrondunbird,warrior:2892,2892,7690,21278,28641,32143,46669,62614,69542,84536,92353,96999
letslupus,warrior:6318,13895,22004,25034,30180,47791,66549,66549,81460,84619,92857,97527
xraystick,mage:6709,16278,33315,38691,53159,66652,74367,89505,100938,105929,105929,118605
eridanusphalanges,shaman:7700,7700,10715,15548,15548,21307,26865,31188,41390,58649,62418,72592
lewdsterpub,mage:5693,5693,9362,29216,39724,54671,58659,73147,86658,101530,106290,115103
surfravioli,warrior:6731,6731,20094,30332,49745,64320,64320,72021,81819,100885,105753,116730
injurevolary,mage:9199,23363,40675,40675,48338,68016,87574,94306,103425,115864,131731,134723
lipidhelping,warrior:8858,25533,44920,51225,63681,71764,81423,90504,90504,100629,120047,134719
supportingmuddy,warrior:8853,26284,42306,46348,46348,65508,70546,85808,104127,120175,132406,152032
philipspillar,mage:5287,11927,15134,29169,45388,64475,80280,80280,89306,93097,96271,101580
smubepentland,rogue:2565,20272,34229,42222,53612,68523,73159,80376,99095,107862,107862,118606
craniumbaroque,warrior:7199,13412,16965,33967,39755,39755,53478,53478,64283,74177,74177,86994
bobblequiet,mage:8120,27655,43638,62165,64761,83989,93181,93181,103869,118341,134489,147928
utopiantatch,priest:4079,14294,26116,37380,55874,68987,74124,80654,92628,103595,115973,122021
coltmusic,rogue:6986,21595,37867,48885,59191,75826,80402,95535,113845,128609,143927,161686
strangedilk,warrior:4095,17899,34604,44299,51621,54777,54777,71861,71861,85293,97359,114163
reflexmarten,mage:8619,21980,33631,46167,57200,71539,77335,92441,104670,117671,127770,133644
cowplaintive,rogue:8933,23014,37089,53199,63309,77314,81600,92010,107189,107189,126482,145724
tidallymatch,hunter:5861,16239,27065,43742,54181,54181,57823,64839,84490,95625,98731,104929
fillertwelve,rogue:6021,20602,24462,35305,55155,64762,82198,98701,116446,128191,138361,150699
demanddisclaimer,rogue:3426,13485,27301,42240,51706,54799,73583,89419,95764,95764,100653,107003
mumblingmusical,rogue:5369,21459,35609,54356,62754,74057,92534,97513,100343,108843,123605,142651
nokethorne,warrior:4891,15209,21774,32181,35234,51745,61518,69696,78946,94532,113160,129844
virtuousstokehold,rogue:8324,19569,31283,35202,47637,57866,66944,80137,82896,86479,95250,105998
drearyasteroids,warrior:4591,15648,30925,30925,48152,62032,79529,82195,90297,98781,116108,116108
cropgoose,mage:5972,22670,40998,40998,43512,52262,68031,78880,95055,102451,110846,115048
sykesnavigate,shaman:3809,7707,10861,17347,25751,28511,36557,39217,52154,64035,64035,72939
cruxbamboo,hunter:4734,14238,22558,32420,36124,54879,72739,82664,86177,88694,97207,112478
europiummerlin,hunter:5597,10780,26764,38365,55373,71716,77357,85702,98232,116622,128885,136746
radicalwinks,hunter:3259,19493,28019,44204,51486,55172,71861,81166,87239,102650,120650,136472
frostsnind,mage:7611,23448,32608,39978,53481,62106,79376,96823,101863,116380,134406,144490
kingfuplayed,hunter:3027,3027,6881,13647,25245,30048,33579,51960,71787,88742,100601,112806
optionsclippers,warrior:4244,21666,29344,35113,43265,58794,75860,85015,89310,94534,94534,101430
sailguineafowl,hunter:8377,20430,20430,36861,40420,53745,64560,73855,76892,92958,96245,102333
constructionpredator,warrior:9327,25848,35881,49176,60298,60298,79050,92408,96865,96865,96865,108110
dewforces,priest:9403,21774,25646,37976,37976,37976,52004,59925,65973,73280,86478,103089
woodlarkdrowsy,priest:8589,8589,27989,41817,51273,65401,72808,88065,105685,113420,125522,135661
bumpkintiger,warrior:3965,23951,32295,39151,41675,54342,71133,71133,85448,90953,110798,115515
crumpbaking,priest:6908,20934,40555,51617,60381,63669,69576,73309,77539,90736,95299,95299
palatablemechanic,mage:3154,14622,26601,43897,43897,62701,78170,97346,114512,133083,148133,163733
xenotimesoloing,mage:8930,24908,38354,49491,59651,59651,59651,67855,67855,78364,97594,106746
robandghast,warrior:2617,19824,26435,26435,29451,33158,39417,45750,54687,70244,87563,87563
sneakydirect,priest:5496,24156,38377,54200,54200,72994,88777,88777,97779,104738,115924,133772
grimacingevident,priest:4905,20249,36886,55115,74891,89679,103822,113212,125474,138265,147040,157792
happenedcrabs,warrior:6630,9571,27148,40014,48822,60263,67838,71259,90496,104587,108613,115968
puddingtruck,hunter:4309,14778,14778,27128,45588,54141,69953,72902,81949,81949,85354,98294
molarityblowfish,rogue:8326,25850,43931,61030,73206,82246,97707,114489,119946,138874,143763,150412
burstmars,mage:8447,22275,25499,40686,55122,66638,73925,86225,105183,113139,129454,136981
kosherfagglers,priest:8524,24804,33708,52416,65403,65403,76685,88200,107350,125763,132013,136687
spudbutterfly,hunter:9105,25965,43973,43973,56119,65271,75066,86244,91297,108733,115199,120478
gripstar,priest:6078,12441,19228,31654,36133,39939,58250,72610,72610,81334,96061,100260
diamondagile,rogue:3742,23653,30855,44134,61931,61931,74449,90983,108636,118724,136734,155875
roaringblueberries,warrior:3606,18243,18243,30743,40997,56301,72877,90085,108821,117235,120297,127778
zerobossy,mage:8198,19925,33212,42586,49921,68120,77904,84607,96130,114981,130472,134193
bobsleighjinner,warrior:3144,11026,11026,24509,43054,49636,52318,55003,64352,74590,88586,99899
loosenbelieve,hunter:7112,23825,32389,32389,37929,43528,49747,55776,61880,79023,82619,97968
renalmiranda,warrior:6763,16115,29742,46189,52865,60245,78009,78009,97464,109700,112930,129213
bioticcells,priest:6544,15544,19250,23960,27656,32995,44009,56513,68849,86034,88749,92058
instagramapnea,hunter:9402,17435,25567,25567,29640,33205,52739,55467,67995,70850,74518,91250
exmoorcubewanos,warrior:5054,18150,21262,34686,41573,55599,67139,73881,88475,93951,99699,103450
taxicheaky,warrior:9643,29301,42458,59074,75409,93306,110709,114012,132547,135722,139902,155210
discoverycrooked,mage:9460,14170,24593,31968,47421,65979,71244,82233,96191,110147,121313,132021
remembervenatici,priest:4258,17947,28972,38289,57551,73756,85181,102471,105481,119466,135024,148197
chromatebackpack,warrior:9105,15826,25878,29344,43039,60927,71519,78786,88063,91585,101930,119718
fallaciousmoving,rogue:6510,15815,34988,52627,61515,75970,86097,97115,107973,107973,116442,133379
macedonianvent,rogue:7809,12207,24180,36268,46862,59770,72290,77852,84381,100818,105605,115689
ruditesandstone,hunter:7706,7706,7706,13880,16801,21364,32314,32314,51955,58405,75578,75578
puffyprostate,hunter:2766,15389,21051,31996,42045,58878,73140,89290,99832,115682,125524,144126
dispatcherreaction,priest:3674,15853,15853,20641,39977,52768,55419,70104,73711,91383,103167,109736
fabindustry,hunter:9088,25902,43777,63536,63536,68369,81157,100047,119487,122985,135514,139477
drawstarchy,mage:4724,12586,31249,39205,50308,57615,66869,84204,97907,109567,122449,129607
battingcotton,priest:5390,24351,27447,27447,37775,48131,58140,70915,75049,84837,98560,116076
electronsallude,mage:7727,10655,28738,35121,44902,49754,67319,67319,77072,91106,95388,95388
forsesconcat,rogue:7678,22731,42213,59394,59394,71244,86612,93123,99098,110954,124388,137500
deciphercound,warrior:5889,25556,37431,54682,74493,79385,79385,85778,94029,109841,118972,129038
cameradeny,hunter:4876,16279,24187,41401,50995,68287,83608,90364,101827,110469,115439,134510
drabgaff,hunter:9754,18902,28569,42714,53868,66234,76020,95727,112627,112627,126153,139485
chobblyclean,warrior:2851,11846,19100,19100,19100,27812,39756,45448,59702,64107,68347,86638
raftcrackers,mage:7342,20785,33006,47096,62115,81581,99102,106190,111571,121307,137400,137400
correctopenedge,mage:9042,16304,23784,39761,57987,61577,64824,80148,89766,107325,119083,122442
stakingpassionate,hunter:6200,21996,27485,36142,43526,48314,61811,71605,85374,92853,108461,120880
userslives,priest:7176,14282,30386,48288,64131,80259,84810,92893,110903,123513,134718,143993
quackadoption,warrior:5091,21930,33577,51894,62870,72766,75424,83624,90897,105030,115300,133475
curlingmokerel,rogue:6322,24820,37791,40319,51232,57359,68848,85420,89029,94160,94160,108995
examlollies,hunter:3305,21944,40106,42978,62639,70830,86470,103520,107739,116146,132658,146405
pointslipid,mage:8231,26294,31953,35282,45537,58615,64086,74433,91943,100359,119399,119399
stitchedebay,warrior:7416,20097,31171,46248,60705,74357,90408,107628,122034,141344,156272,159726
consideredstifle,mage:5105,23025,41759,45949,45949,60974,66278,76304,94710,99663,109221,122856
edgepazy,warrior:5411,19942,19942,38040,47160,63347,69592,85087,100940,119446,123773,136699
eyeballdunking,hunter:3850,9398,17159,36130,48558,63184,69682,76544,86257,86257,99162,118713
liesneedle,mage:5845,13131,17469,24740,42995,61162,76665,82163,86348,93533,110838,122282
parallaxbluetail,priest:8922,12565,24867,28018,47612,52051,55289,68054,68054,77056,87907,93510
balsamicbreakable,mage:7334,21766,39437,39437,44233,60492,67821,70707,76817,80749,97475,116970
geologyrudite,warrior:6810,19440,26872,37849,43660,61468,65396,71472,85460,102386,112722,119070
alpinewart,warrior:5763,16568,31317,41159,47012,52939,64229,67631,76387,86806,104641,120958
kingdomtelescopium,shaman:9093,9093,22763,22763,27870,31914,37334,37334,37334,44176,59590,72726
usereactive,warrior:5506,21477,30791,39265,44296,53502,62604,74227,92261,100296,109215,112076
dividersmidhinge,rogue:8559,12714,19862,35316,49913,63552,83104,102083,110410,115209,115209,120960
eggfun,priest:7275,24876,31760,51483,62928,78898,98118,111052,126780,126780,144851,144851
shrugfraunhofer,hunter:5918,12886,28895,39146,54206,62430,76064,76064,88795,98485,104676,110541
nextalkane,priest:6929,19253,27448,45667,52234,52234,52234,57452,67521,81196,87696,93108
reactivityphotosphere,rogue:2712,8007,17203,27914,34632,40388,52101,61368,61368,75088,89481,99458
londonsupercooled,warrior:5491,18635,26913,36246,48435,63722,83094,89104,98321,98321,108792,128095
phoboswarning,warrior:3129,15986,28357,39149,48895,66145,77274,80300,91402,107638,124269,134844
milkshakessulky,priest:7599,27497,45019,55603,73134,84596,103402,115615,118234,132387,147912,167177
wreckagedbrownies,hunter:4795,15483,33224,51976,61550,78374,93561,99396,108862,111376,124627,143117
hamburgerbooth,mage:4603,7243,7243,23869,31048,37046,43829,58799,58799,76870,92827,103698
worthymenu,mage:4844,14026,14026,28961,45832,50522,53415,68725,76776,93500,101227,110760
leardfluttering,mage:6874,12499,28457,47590,66323,77993,82884,96490,100005,100005,116685,122736
peepstitch,warrior:8526,8526,8526,25851,45455,58902,62871,76321,80444,99139,111513,120948
quarticdecimal,rogue:2690,19669,38966,52219,57198,76538,91546,101754,114759,114759,132390,141899
capportly,hunter:8043,13374,13374,20247,23657,35537,53010,59595,72288,89184,103170,111784
lameexaminer,hunter:8874,21569,30773,37278,48427,53448,53448,57619,75602,85391,100145,116178
bucketwed,warrior:7150,15100,33424,33424,40889,45312,48621,66907,81407,94577,109597,123873
chinemoment,rogue:5680,19878,36981,49620,54934,66140,84306,99685,115748,119438,126396,138227
outzebra,warrior:9396,17748,28971,28971,34760,45605,45605,59280,71121,85143,100051,119290
Terrence Shannon,priest:9405,11923,18502,30047,35574,55376,68281,77777,77777,86906,90409,100871
Carolann Kintner,rogue:7149,13736,27188,47148,51938,62689,82495,93500,106942,114060,133206,141552
So Atkins,priest:3348,21913,29750,37547,42354,59183,72149,86382,99896,112782,116091,122906
Kathlene Collar,mage:9832,19188,19188,26880,38739,47297,52351,63513,76071,76071,80305,95304
Luanne Lett,warrior:8477,23543,28954,34828,41980,41980,57696,71094,90422,107573,126906,130659
Ola Markell,priest:5473,9925,23419,33092,40181,56447,60399,65348,75912,82511,102227,118631
Claudette Bode,warrior:7704,16483,36172,36172,52895,57438,64576,70782,81003,91546,101383,111517
Lashawna Meals,rogue:9074,26829,37944,49372,54699,54699,62513,66512,75329,82690,101658,118705
Angle Linck,warrior:8980,24467,43536,57883,57883,57883,57883,72747,91090,103088,105681,116328
Toney Mcnab,hunter:5578,13907,23012,25616,34096,45570,45570,56411,56411,70466,78741,95660
Hertha Dossantos,warrior:8058,12911,23819,33632,33632,52700,57471,69333,78651,98308,105027,124200
Jalisa Stoudemire,paladin:2601,7002,11092,14341,17088,21717,24233,27233,31233,35006,39006,44837
Johnna Lecuyer,priest:7291,20916,26859,33922,42519,55929,61036,69269,81004,83583,94444,105570
Grazyna Kitzman,rogue:7142,15578,33346,52918,66306,75596,81827,91234,100019,103029,103029,113906
Phyliss Rolen,mage:7288,19104,27586,39820,53426,58999,69222,83827,91947,106140,110444,117014
Shaunda Sieg,rogue:4870,4870,19275,29441,32571,40148,51116,51116,68137,80212,97665,112803
Abdul Boland,hunter:7285,24557,37652,43587,51473,63121,78979,90679,110326,114117,123678,123678
Lai Lazard,rogue:8518,8518,22005,27753,40658,43734,62993,75122,79357,96043,109130,112347
Chadwick Griffin,priest:9040,9040,17056,23419,33243,49794,59738,65957,73401,85156,91097,95625
Jaye Galle,hunter:2729,17506,25193,33149,45796,59089,74604,79922,94164,98603,115336,132485
Virgilio Britt,hunter:6943,26800,31553,47166,55948,71375,84105,99374,112297,122932,127924,134718
Lanita Sciortino,warrior:3377,6640,24641,27564,46574,59879,59879,59879,74234,81083,99628,113445
See Borne,priest:6147,15112,23169,38073,46157,62820,68907,68907,84506,95410,105024,117424
Laverna Halpern,mage:9768,12330,21700,28884,47594,57912,74915,93023,104132,112044,124594,131379
Russell Gillison,hunter:5512,24581,30519,43429,43429,53576,53576,72484,88363,94384,94384,105909
Joella Wessner,hunter:5842,18968,31188,48479,67015,70307,76488,88903,100166,112557,116298,121960
Fredricka Gormley,hunter:4117,19983,26438,32832,49349,65695,78461,90489,108933,124385,139283,145523
Marg Thorington,mage:8025,14423,20513,35698,35698,47065,47065,61197,72551,91927,110306,116726
Odis Levalley,mage:3276,23156,27641,37087,50317,62959,66039,71849,76451,87346,102405,107447
Teodoro Negrin,mage:5596,14360,32225,42476,51536,64515,80763,98815,103687,117012,125924,134854
Tobias Kimmer,hunter:7809,14303,21008,26536,44794,49538,69444,72678,78536,90243,95697,95697
Maryam Brosius,warrior:5248,8929,22815,41840,51654,71278,89573,99718,110094,113618,122030,126534
Darlena Crimi,hunter:2821,16716,30954,34892,50947,66099,72190,90301,109106,112071,125397,135759
Marcella Daigneault,priest:6673,23857,32572,47021,55421,55421,69206,77081,80102,83433,90521,102637
Dannette Raasch,mage:6811,14301,18288,26123,26123,32932,51111,60995,72036,86649,102218,121514
Farah Quon,rogue:5950,20364,31186,43629,48203,65396,83248,93274,97380,97380,113076,132712
Apryl Soileau,rogue:4533,8913,25141,33130,45736,62178,67004,74993,94410,102499,110763,114900
Reiko Stack,mage:4527,13491,17682,34214,39762,47250,51630,68740,82656,88441,99498,105094
Terrance Lauterbach,rogue:6440,9158,24684,24684,39707,58517,61827,78999,82668,99873,102662,102662
Carola Tegeler,rogue:6407,21202,21202,26206,42290,57250,69129,85674,95921,101538,108883,108883
